-51.286190 -43.174580 8.557831
50.923579 -39.930147 11.434270
-6.501217 16.010150 25.643594
6.942754 15.595206 24.214667
-32.089742 11.806638 46.651462
33.621122 13.410627 46.376520
-6.527266 -84.127310 13.094834
11.062130 -81.615019 19.527554
-25.117718 -10.759664 -29.780842
22.848457 -9.628478 -31.343084
-7.288443 60.166580 -6.757472
10.828132 61.855908 -8.000156
-36.137182 -43.579176 -21.250619
37.547173 -41.748059 -21.431565
-42.249430 -67.330342 26.214398
48.318828 -60.681397 27.137632
-50.780733 -31.387167 -24.043124
48.355126 -24.624943 -25.829386
-31.303545 -6.291184 3.601243
32.752485 -5.368027 0.016376
-8.590759 -46.542713 17.388502
9.875434 -45.116437 16.228254
-27.232915 -89.246404 -4.393107
34.297414 -84.371509 2.527489
-22.576684 26.128919 -13.173952
22.322344 29.082318 -13.871503
-15.797301 -65.475874 -6.438222
19.328281 -64.572209 -4.313452
-7.744550 34.955076 -13.224676
7.750805 39.576599 -13.580062
-54.436947 -24.282562 -14.886647
56.217847 -23.470242 -14.657737
-9.886499 -26.908712 55.908497
9.123724 -24.819101 57.191301
-25.314060 -32.991750 -16.992528
26.790941 -30.741993 -18.208850
-45.222184 12.575269 15.157405
47.795803 11.392352 11.905580
-40.540384 34.964992 -10.150206
40.089675 37.560862 -11.906299
-44.121796 28.995241 6.492243
44.263157 29.422397 -0.485704
-12.439074 -86.301920 1.426341
17.560201 -81.449982 4.497515
-42.077897 -24.773803 44.103882
41.361929 -23.339767 44.540308
-6.756386 -21.314416 34.289179
6.559825 -20.700643 34.465459
-35.884318 -13.205888 43.316315
35.359413 -11.727527 45.513224
-11.304263 -60.254268 30.665990
11.777795 -59.448115 31.888248
-7.286433 39.665916 5.242025
6.401341 31.299148 1.154602
-32.131268 43.733384 16.864573
34.977768 43.690578 15.415490
-12.868374 20.635657 44.102699
11.856173 26.213684 40.274351
-24.536697 -63.427647 41.882947
23.976484 -61.106377 45.979197
-50.806728 -17.474371 -2.615737
51.437676 -15.431936 -3.708827
-51.274532 -37.761896 30.730860
51.922603 -32.524659 32.884004
-28.202231 6.363358 -33.444222
28.234554 8.324901 -33.402874
-42.613794 -26.187492 8.091730
44.954694 -21.058712 6.926129
