-0.01169766765087843 0.06735828518867493 0.07811000198125839
-0.03020123764872551 0.05566132441163063 0.08025799691677094
-0.050004471093416214 0.04727927967905998 0.07672200351953506
-0.06875128298997879 0.034435391426086426 0.07025899738073349
-0.08337567001581192 0.02077833190560341 0.062334999442100525
-0.09298312664031982 0.0037957492750138044 0.05288499966263771
-0.09683898091316223 -0.014436999335885048 0.038791999220848083
-0.032984409481287 0.034882284700870514 0.08615399897098541
-0.05249560624361038 0.026416094973683357 0.08209399878978729
-0.06886795908212662 0.013394016772508621 0.07607000321149826
-0.08055289834737778 -0.002723068231716752 0.07018499821424484
-0.08830561488866806 -0.020738733932375908 0.05777300149202347
-0.06167173385620117 -0.0056900884956121445 0.0838090032339096
-0.07565618306398392 -0.025083905085921288 0.07482299953699112
-0.044511664658784866 0.007521494757384062 0.08950500190258026
-0.057343531399965286 -0.026744192466139793 0.08702299743890762
-0.01180656161159277 0.031640905886888504 0.09014199674129486
-0.04113805666565895 -0.013531194999814034 0.09367299824953079
-0.03929533809423447 -0.03684309124946594 0.0936570018529892
-0.02940220758318901 -0.0559922493994236 0.0912339985370636
-0.012418209575116634 -0.004576395265758038 0.0980440005660057
-0.02237568609416485 -0.023900208994746208 0.09829100221395493
-0.011977681890130043 -0.043957293033599854 0.09762799739837646
-0.0235042292624712 0.12299415469169617 -0.013855000026524067
-0.044864509254693985 0.11501657217741013 -0.01641399972140789
-0.06384467333555222 0.10335072875022888 -0.0216279998421669
-0.07782841473817825 0.08797256648540497 -0.03116600029170513
-0.011819996871054173 0.12408450990915298 0.006151000037789345
-0.033266544342041016 0.11890848726034164 0.005423999857157469
-0.05227003991603851 0.11086656153202057 0.0032909999135881662
-0.07026166468858719 0.09609369188547134 -0.0019330000504851341
-0.08167649060487747 0.08019863814115524 -0.01093900017440319
-0.02282116375863552 0.11713507026433945 0.02536500059068203
-0.043820820748806 0.11089696735143661 0.02350899949669838
-0.06347838789224625 0.09878281503915787 0.02000799961388111
-0.07773932069540024 0.08369456976652145 0.01382100023329258
-0.08731849491596222 0.06637823581695557 0.005030000116676092
-0.011859594844281673 0.11002016067504883 0.04377400130033493
-0.03325876593589783 0.10655887424945831 0.042789001017808914
-0.05419761314988136 0.09633693844079971 0.04002099856734276
-0.07093553990125656 0.08326606452465057 0.035721998661756516
-0.08438754081726074 0.06689512729644775 0.02612300030887127
-0.09407418966293335 0.047477271407842636 0.013504999689757824
-0.01915905810892582 0.09703272581100464 0.05981000140309334
-0.04221710190176964 0.0895819440484047 0.057291001081466675
-0.06075108051300049 0.07805963605642319 0.05388699844479561
-0.07635904848575592 0.06364951282739639 0.04712200164794922
-0.09026642143726349 0.047547273337841034 0.03448700159788132
-0.10008884221315384 0.028202954679727554 0.02080399915575981
-0.029164619743824005 0.07789276540279388 0.07028999924659729
-0.04842408746480942 0.06769274920225143 0.06923999637365341
-0.06564143300056458 0.05518332123756409 0.06393399834632874
-0.08036551624536514 0.042951080948114395 0.0553009994328022
-0.09353537857532501 0.028427813202142715 0.04280799999833107
-0.10046078264713287 0.011389369145035744 0.03312100097537041
-0.10224269330501556 -0.006938838865607977 0.019626999273896217
-0.02451256290078163 -0.1198446974158287 0.011311000213027
-0.04574556648731232 -0.1119053065776825 0.010273999534547329
-0.06510473787784576 -0.10043603181838989 0.009317999705672264
-0.08097504079341888 -0.0842348039150238 0.008394000120460987
-0.01417466253042221 -0.1253771036863327 -0.0075170001946389675
-0.035281091928482056 -0.11921608448028564 -0.007536000106483698
-0.05593285337090492 -0.10902243107557297 -0.008894000202417374
-0.0736168846487999 -0.09469998627901077 -0.009809000417590141
-0.02437467873096466 -0.12345023453235626 -0.026235999539494514
-0.04575899988412857 -0.11645270884037018 -0.02718600071966648
-0.06480491906404495 -0.10349356383085251 -0.02806200087070465
-0.08070704340934753 -0.08698898553848267 -0.028782999143004417
-0.01341240108013153 -0.12591591477394104 -0.04504799842834473
-0.035288870334625244 -0.12084455043077469 -0.0459819994866848
-0.05545414239168167 -0.11098465323448181 -0.04663100093603134
-0.07301655411720276 -0.0965815931558609 -0.04704099893569946
-0.02416113205254078 -0.12478949874639511 -0.06481499969959259
-0.045753344893455505 -0.11720224469900131 -0.06558900326490402
-0.06559758633375168 -0.10585741698741913 -0.06565400213003159
-0.01915481500327587 -0.0736967921257019 0.08352400362491608
-0.050349537283182144 -0.05363192781805992 0.0850910022854805
-0.011923941783607006 -0.08975660055875778 0.07023400068283081
-0.041045427322387695 -0.07232782989740372 0.07856299728155136
-0.06810993701219559 -0.044933807104825974 0.07623399794101715
-0.021597161889076233 -0.100735142827034 0.053977999836206436
-0.03736705705523491 -0.08881331980228424 0.06425999850034714
-0.05788588151335716 -0.07820247113704681 0.06483600288629532
-0.07438056170940399 -0.06106291338801384 0.06318599730730057
-0.08309847861528397 -0.04131271317601204 0.06086599826812744
-0.04351959377527237 -0.10043603181838989 0.04586099833250046
-0.06091654300689697 -0.08934647589921951 0.04643600061535835
-0.07699756324291229 -0.07600195705890656 0.04541200026869774
-0.08746345341205597 -0.05567193031311035 0.045148998498916626
-0.09364922344684601 -0.035226646810770035 0.04284999892115593
-0.01199535932391882 -0.11512970924377441 0.03254900127649307
-0.034722477197647095 -0.11111263930797577 0.0286289993673563
-0.05437297746539116 -0.10210268199443817 0.028217000886797905
-0.07228752970695496 -0.08904454112052917 0.02776999957859516
-0.0862012654542923 -0.0723094493150711 0.0260429996997118
-0.09554709494113922 -0.051227059215307236 0.02562900073826313
-0.09939375519752502 -0.029835663735866547 0.023082999512553215
-0.09415409713983536 0.05045913904905319 -0.007954999804496765
-0.10056189447641373 0.031020773574709892 -0.0008820000221021473
-0.10319092124700546 0.010760750621557236 0.006409999914467335
-0.10567639768123627 -0.021020162850618362 0.003533999901264906
-0.10435057431459427 -0.043564848601818085 0.006045000161975622
-0.09334587305784225 -0.06568244099617004 0.0070329997688531876
-0.08940941095352173 0.06444854289293289 -0.023788999766111374
-0.09991630911827087 0.03511138632893562 -0.022261999547481537
-0.10650866478681564 0.014719135127961636 -0.014781000092625618
-0.11001662164926529 -0.007510181050747633 -0.013179999776184559
-0.11109283566474915 -0.03510855883359909 -0.01345400046557188
-0.1052486002445221 -0.05782153457403183 -0.012227999977767467
-0.08731495589017868 -0.07633642107248306 -0.010855999775230885
-0.087132528424263 0.07175719738006592 -0.04409100115299225
-0.0959586352109909 0.04933201149106026 -0.03812199831008911
-0.11260039359331131 0.01999768614768982 -0.035861000418663025
-0.11398844420909882 -0.0029854048043489456 -0.03435799852013588
-0.11228431761264801 -0.025040065869688988 -0.0328730009496212
-0.110061876475811 -0.047822337597608566 -0.031442999839782715
-0.09720809012651443 -0.06955738365650177 -0.029915999621152878
-0.09393135458230972 0.055942751467227936 -0.05870399996638298
-0.10133405774831772 0.03341079503297806 -0.052191998809576035
-0.11153053492307663 0.007054097019135952 -0.053989000618457794
-0.11503849178552628 -0.015312396921217442 -0.05249800160527229
-0.11228997260332108 -0.037763744592666626 -0.05080699920654297
-0.10525072365999222 -0.06089108809828758 -0.048836998641490936
-0.08693453669548035 -0.07851430773735046 -0.04778999835252762
-0.10409814119338989 0.04115007817745209 -0.07284100353717804
-0.1094735637307167 0.01824406161904335 -0.07289700210094452
-0.1127304956316948 -0.004953282885253429 -0.07210499793291092
-0.11453857272863388 -0.02805941179394722 -0.07034199684858322
-0.1098766177892685 -0.05121786519885063 -0.06810099631547928
-0.09614884108304977 -0.07160375267267227 -0.06666199862957001
-0.08060593158006668 -0.08876311779022217 -0.06585399806499481
0.009964548982679844 0.06746505945920944 0.07808800041675568
0.02864418923854828 0.05579143390059471 0.0806329995393753
0.04873804375529289 0.047677382826805115 0.07744099944829941
0.0678652822971344 0.03497067466378212 0.07104600220918655
0.08238430321216583 0.021090874448418617 0.0633310005068779
0.09304676949977875 0.0048337820917367935 0.053617000579833984
0.09782539308071136 -0.014228402636945248 0.03942900151014328
0.03166636452078819 0.03497844934463501 0.08670900017023087
0.051326051354408264 0.026640955358743668 0.0829790011048317
0.0679798349738121 0.013675444759428501 0.07704699784517288
0.08005721867084503 -0.0022174869664013386 0.07139799743890762
0.0886959359049797 -0.020866014063358307 0.05876300111413002
0.06066693365573883 -0.005538060329854488 0.08482799679040909
0.07553809881210327 -0.025520190596580505 0.0758029967546463
0.043343525379896164 0.0075441221706569195 0.09023100137710571
0.05631256848573685 -0.026782376691699028 0.0880960002541542
0.010222642682492733 0.03169606253504753 0.09014599770307541
0.02238912135362625 0.013602613471448421 0.0935870036482811
0.03986455872654915 -0.013650696724653244 0.094370998442173
0.037850718945264816 -0.037092700600624084 0.09435100108385086
0.02758070081472397 -0.056327417492866516 0.09183599799871445
0.010709838941693306 -0.0045551820658147335 0.09806200116872787
0.02089005522429943 -0.02407769300043583 0.09878300130367279
0.010168902575969696 -0.044279735535383224 0.09789399802684784
0.022075872868299484 0.12336750328540802 -0.013860000297427177
0.043600909411907196 0.11567205935716629 -0.01634800061583519
0.0626659244298935 0.10426925867795944 -0.021717999130487442
0.07709939032793045 0.08910747617483139 -0.03125400096178055
0.010408611968159676 0.12437018007040024 0.006163999903947115
0.03187849372625351 0.11947064101696014 0.0054779998026788235
0.05121574550867081 0.111615389585495 0.003258999902755022
0.06960759311914444 0.09715647250413895 -0.0019809999503195286
0.08202580362558365 0.0817754864692688 -0.010893999598920345
0.021515844389796257 0.11747165024280548 0.025419000536203384
0.042334482073783875 0.11146406829357147 0.023461999371647835
0.06296998262405396 0.09968437999486923 0.020274000242352486
0.07735182344913483 0.08472553640604019 0.013906000182032585
0.08709080517292023 0.06726212054491043 0.004958000034093857
0.01024173479527235 0.10999187082052231 0.043751999735832214
0.03179576247930527 0.10707435011863708 0.04302699863910675
0.053238775581121445 0.09703979641199112 0.04036499932408333
0.07032883912324905 0.08421500027179718 0.03626599907875061
0.08443915843963623 0.06796498596668243 0.02608400024473667
0.09428491443395615 0.0484841912984848 0.013365999795496464
0.017556754872202873 0.09705252945423126 0.05986599996685982
0.041114725172519684 0.09001822769641876 0.05772799998521805
0.059823356568813324 0.07865926623344421 0.054375000298023224
0.07575376331806183 0.06449379771947861 0.04796399921178818
0.09043754637241364 0.04833216220140457 0.03477700054645538
0.10052866488695145 0.029252300038933754 0.020860999822616577
0.027918696403503418 0.07810913771390915 0.07055900245904922
0.04733726382255554 0.0682605504989624 0.06974100321531296
0.06478017568588257 0.055808402597904205 0.06477600336074829
0.08044824749231339 0.04365040734410286 0.05571800097823143
0.09408055990934372 0.029156841337680817 0.04372899979352951
0.10101161897182465 0.012580843642354012 0.032836999744176865
0.1033966913819313 -0.007070360705256462 0.01971299946308136
0.02251640148460865 -0.12075616419315338 0.011354999616742134
0.04424296319484711 -0.11313354969024658 0.010184000246226788
0.06407589465379715 -0.10197823494672775 0.009270000271499157
0.08076997846364975 -0.08561507612466812 0.008154000155627728
0.011771206744015217 -0.12586712837219238 -0.007313999813050032
0.03335917741060257 -0.12023855745792389 -0.0075530000030994415
0.05455823615193367 -0.11051018536090851 -0.009154999628663063
0.07288220524787903 -0.0961771309375763 -0.010227999649941921
0.022065266966819763 -0.12413330376148224 -0.026395000517368317
0.043905675411224365 -0.1172453761100769 -0.027494000270962715
0.06364526599645615 -0.10510434955358505 -0.028351999819278717
0.08029834181070328 -0.08866765350103378 -0.029224999248981476
0.010836411267518997 -0.126396045088768 -0.04494699835777283
0.03297168388962746 -0.12184935063123703 -0.04616999998688698
0.053735870867967606 -0.11267746239900589 -0.04698299989104271
0.07216378301382065 -0.09847522526979446 -0.04742300137877464
0.021533522754907608 -0.1254824548959732 -0.06489299982786179
0.0435662642121315 -0.11869918555021286 -0.06571099907159805
0.06343313306570053 -0.1067943349480629 -0.06593599915504456
0.017451396211981773 -0.07393649965524673 0.08371999859809875
0.048933204263448715 -0.054160136729478836 0.0858519971370697
0.010091828182339668 -0.0898902416229248 0.07034700363874435
0.039401404559612274 -0.0728970542550087 0.07903999835252762
0.06741838902235031 -0.04539201408624649 0.07727199792861938
0.01970282383263111 -0.10120394825935364 0.054124001413583755
0.03584183007478714 -0.08940516412258148 0.0647130012512207
0.056730471551418304 -0.07913302630186081 0.0654589980840683
0.07391881942749023 -0.06158122420310974 0.06436000019311905
0.08321091532707214 -0.04178435355424881 0.06197800114750862
0.04174051433801651 -0.10167205333709717 0.04636099934577942
0.059602029621601105 -0.09050401300191879 0.046872999519109726
0.07659663259983063 -0.07753849774599075 0.04596100002527237
0.08776326477527618 -0.05643560737371445 0.045903999358415604
0.09452179074287415 -0.03547130525112152 0.043549999594688416
0.009932729415595531 -0.11544154584407806 0.032614000141620636
0.032958246767520905 -0.11218249052762985 0.028790999203920364
0.07171265035867691 -0.0905570462346077 0.027998000383377075
0.08627834171056747 -0.07366213947534561 0.026131000369787216
0.09659998118877411 -0.05175526812672615 0.026003999635577202
0.10060574114322662 -0.030054867267608643 0.023322999477386475
0.09410884231328964 0.051507070660591125 -0.008187999948859215
0.10078463703393936 0.031891223043203354 -0.0011449999874457717
0.10342992097139359 0.011149659752845764 0.006105999927967787
0.1069704070687294 -0.020986221730709076 0.003237999975681305
0.10546073317527771 -0.04361434653401375 0.005843000020831823
0.09329778701066971 -0.06701038777828217 0.006767000071704388
0.08905797451734543 0.06558062136173248 -0.024063000455498695
0.10025642812252045 0.036236394196748734 -0.022482000291347504
0.10700081288814545 0.015293305739760399 -0.015138000249862671
0.11134032905101776 -0.007329161744564772 -0.013508000411093235
0.11237270385026932 -0.035299476236104965 -0.013814999721944332
0.105959951877594 -0.05861915275454521 -0.012688999995589256
0.08652865886688232 0.07295927405357361 -0.044332001358270645
0.09566235542297363 0.05053197219967842 -0.03842899948358536
0.10743921995162964 0.020097389817237854 -0.03636600077152252
0.11267109960317612 -0.002633972791954875 -0.03482000157237053
0.11327850818634033 -0.024979254230856895 -0.03328600153326988
0.11074989289045334 -0.04824872314929962 -0.03192000091075897
0.09671735763549805 -0.07044409960508347 -0.03026299923658371
0.09356578439474106 0.057137057185173035 -0.05890800058841705
0.10149528086185455 0.034675102680921555 -0.05251400172710419
0.11268807202577591 0.007660087663680315 -0.054294999688863754
0.11367236822843552 -0.014964500442147255 -0.052949998527765274
0.11333931982517242 -0.03798719123005867 -0.05122299864888191
0.10594439506530762 -0.061832245439291 -0.04927099868655205
0.10032147914171219 0.041190385818481445 -0.07322800159454346
0.11068908125162125 0.01916259340941906 -0.07313799858093262
0.11615996807813644 -0.004666197579354048 -0.0724330022931099
0.1148560643196106 -0.027996478602290154 -0.07075399905443192
0.11112819612026215 -0.05191648751497269 -0.06855399906635284
0.09733961522579193 -0.07344789057970047 -0.06694699823856354
-0.000881762127391994 0.04988991841673851 0.08504199981689453
-0.0005374011816456914 0.013531194999814034 0.09495499730110168
-0.0008117585675790906 -0.024455994367599487 0.10026100277900696
-0.0009362093987874687 -0.06379234790802002 0.09148000180721283
-0.000742462114430964 0.12630200386047363 -0.012842000462114811
-0.0007360981544479728 0.1199231892824173 0.02610200084745884
-0.000692257541231811 0.0874132439494133 0.06707900017499924
-0.0012770348694175482 -0.12198016047477722 0.01477499958127737
-0.0012324871495366096 -0.12608632445335388 -0.026366999372839928
-0.0014057282824069262 -0.12739801406860352 -0.06320399791002274
-0.0009581297053955495 -0.10629865527153015 0.049042001366615295
